open_prices

            UOLW  VSAI  ZBW
2018-10-10    24    21   43
2018-10-11    14    22   41
2018-10-12    29    23   44
2018-10-13    44    14   13
2018-10-14    31    28   34
2018-10-15    36    49   27
2018-10-16    48    20   46
2018-10-17    48    37   27
2018-10-18    16    42   22
2018-10-19    23    36   32
2018-10-20    13    31   28
2018-10-21    23    33   18
2018-10-22    14    47   45
2018-10-23    28    21   31
2018-10-24    31    36   40
2018-10-25    19    25   46
2018-10-26    30    46   48
2018-10-27    19    34   35
2018-10-28    24    13   24
2018-10-29    48    15   39
2018-10-30    16    34   14
2018-10-31    37    30   28
2018-11-01    34    24   20
2018-11-02    17    15   38
2018-11-03    44    15   22
2018-11-04    24    36   28
2018-11-05    12    41   49
2018-11-06    24    27   14



high_prices

            UOLW  VSAI  ZBW
2018-10-10    48    48   43
2018-10-11    42    49   47
2018-10-12    45    47   48
2018-10-13    48    46   48
2018-10-14    49    49   46
2018-10-15    40    49   49
2018-10-16    49    44   49
2018-10-17    49    46   48
2018-10-18    46    49   49
2018-10-19    49    47   47
2018-10-20    45    49   46
2018-10-21    45    49   49
2018-10-22    49    48   48
2018-10-23    48    49   49
2018-10-24    49    49   48
2018-10-25    48    48   49
2018-10-26    48    47   48
2018-10-27    47    49   49
2018-10-28    47    49   49
2018-10-29    48    49   48
2018-10-30    49    49   47
2018-10-31    48    47   48
2018-11-01    47    48   47
2018-11-02    49    49   45
2018-11-03    49    49   49
2018-11-04    47    46   48
2018-11-05    47    47   49
2018-11-06    49    49   46

low_prices


            UOLW  VSAI  ZBW
2018-10-10    12    12   13
2018-10-11    12    14   15
2018-10-12    13    14   12
2018-10-13    14    14   13
2018-10-14    12    12   14
2018-10-15    12    12   12
2018-10-16    12    12   12
2018-10-17    13    12   13
2018-10-18    12    12   13
2018-10-19    14    12   14
2018-10-20    12    12   12
2018-10-21    13    14   16
2018-10-22    14    13   13
2018-10-23    13    14   12
2018-10-24    14    12   14
2018-10-25    15    12   13
2018-10-26    12    12   12
2018-10-27    12    13   15
2018-10-28    14    12   12
2018-10-29    12    12   12
2018-10-30    12    14   13
2018-10-31    12    12   13
2018-11-01    13    14   15
2018-11-02    12    12   12
2018-11-03    12    14   12
2018-11-04    12    12   13
2018-11-05    12    12   12
2018-11-06    16    12   14

close_prices


            UOLW  VSAI  ZBW
2018-10-10    27    45   15
2018-10-11    40    49   40
2018-10-12    25    26   36
2018-10-13    26    36   19
2018-10-14    25    34   46
2018-10-15    22    39   45
2018-10-16    40    14   17
2018-10-17    42    46   33
2018-10-18    35    41   49
2018-10-19    14    24   31
2018-10-20    41    18   13
2018-10-21    36    27   18
2018-10-22    16    16   45
2018-10-23    37    24   16
2018-10-24    43    40   28
2018-10-25    39    29   45
2018-10-26    38    20   43
2018-10-27    44    13   34
2018-10-28    23    17   47
2018-10-29    25    14   38
2018-10-30    48    44   23
2018-10-31    37    24   33
2018-11-01    40    28   17
2018-11-02    31    12   44
2018-11-03    29    40   49
2018-11-04    18    30   13
2018-11-05    27    16   47
2018-11-06    31    32   14